# q     qr    freq
# 2pi/L  2pi/L THz
0 0 0 0  0 0 0
0.0263158 0 0.0263158 0.0372161  0.426675 0.556333 0.651667
0.0526316 0 0.0526316 0.0744323  0.852047 1.01029 1.27415
0.0789474 0 0.0789474 0.111648  1.26675 1.39049 1.86618
0.105263 0 0.105263 0.148865  1.65502 1.73081 2.42498
0.131579 0 0.131579 0.186081  2.01046 2.06705 2.95164
0.157895 0 0.157895 0.223297  2.3759 2.44414 3.50957
0.184211 0 0.184211 0.260513  2.74401 2.80587 4.07756
0.210526 0 0.210526 0.297729  3.09218 3.1251 4.61597
0.236842 0 0.236842 0.334945  3.38534 3.42826 5.09606
0.263158 0 0.263158 0.372161  3.66494 3.70044 5.50677
0.289474 0 0.289474 0.409378  3.9471 3.98708 5.9021
0.315789 0 0.315789 0.446594  4.19516 4.26245 6.27563
0.342105 0 0.342105 0.48381  4.40323 4.49304 6.61166
0.368421 0 0.368421 0.521026  4.56519 4.67773 6.89517
0.394737 0 0.394737 0.558242  4.7117 4.81185 7.12295
0.421053 0 0.421053 0.595458  4.84746 4.91327 7.31577
0.447368 0 0.447368 0.632674  4.93381 4.98779 7.46309
0.473684 0 0.473684 0.669891  4.95596 5.04405 7.55548
0.5 0 0.5 0.707107  4.95235 5.06612 7.58711
0.5 0 0.5 0.707107  4.95235 5.06612 7.58711
0.5 0.0277778 0.527778 0.74639  4.97448 5.08434 7.56855
0.5 0.0555556 0.555556 0.785674  5.00302 5.1507 7.51971
0.5 0.0833333 0.583333 0.824958  5.00676 5.26052 7.44668
0.5 0.111111 0.611111 0.864242  4.98758 5.40355 7.3525
0.5 0.138889 0.638889 0.903525  4.96931 5.57154 7.2331
0.5 0.166667 0.666667 0.942809  4.96013 5.77299 7.07606
0.5 0.194444 0.694444 0.982093  4.95385 5.99161 6.8968
0.5 0.222222 0.722222 1.02138  4.94506 6.20948 6.70598
0.5 0.25 0.75 1.06066  4.93578 6.40825 6.51255
0.5 0.25 0.75 1.06066  4.93578 6.40825 6.51255
0.5 0.222222 0.722222 1.09994  4.94506 6.20948 6.70598
0.5 0.194444 0.694444 1.13923  4.95385 5.99161 6.8968
0.5 0.166667 0.666667 1.17851  4.96013 5.77299 7.07606
0.5 0.138889 0.638889 1.2178  4.96931 5.57154 7.2331
0.5 0.111111 0.611111 1.25708  4.98758 5.40355 7.3525
0.5 0.0833333 0.583333 1.29636  5.00676 5.26052 7.44668
0.5 0.0555556 0.555556 1.33565  5.00302 5.1507 7.51971
0.5 0.0277778 0.527778 1.37493  4.97448 5.08434 7.56855
0.5 -4.16334e-17 0.5 1.41421  4.95235 5.06612 7.58711
0.5 1 0.5 1.41421  4.95235 5.06612 7.58711
0.482759 0.965517 0.482759 1.45645  4.96962 5.08426 7.56959
0.465517 0.931034 0.465517 1.49868  4.9731 5.15761 7.5252
0.448276 0.896552 0.448276 1.54091  4.93173 5.27583 7.46215
0.431034 0.862069 0.431034 1.58314  4.85102 5.41864 7.38194
0.413793 0.827586 0.413793 1.62538  4.72513 5.60645 7.27514
0.396552 0.793103 0.396552 1.66761  4.56588 5.8178 7.14946
0.37931 0.758621 0.37931 1.70984  4.40314 6.01371 7.01002
0.362069 0.724138 0.362069 1.75207  4.2693 6.17507 6.84408
0.344828 0.689655 0.344828 1.79431  4.15289 6.31907 6.6337
0.327586 0.655172 0.327586 1.83654  4.04173 6.38781 6.44419
0.310345 0.62069 0.310345 1.87877  3.9125 6.1608 6.51014
0.293103 0.586207 0.293103 1.921  3.73008 5.90796 6.54407
0.275862 0.551724 0.275862 1.96324  3.49992 5.62965 6.54637
0.258621 0.517241 0.258621 2.00547  3.26616 5.34235 6.51104
0.241379 0.482759 0.241379 2.0477  3.0679 5.06031 6.41781
0.224138 0.448276 0.224138 2.08993  2.87462 4.74507 6.24645
0.206897 0.413793 0.206897 2.13217  2.66953 4.41342 6.01581
0.189655 0.37931 0.189655 2.1744  2.46383 4.09339 5.74893
0.172414 0.344828 0.172414 2.21663  2.2565 3.76953 5.43251
0.155172 0.310345 0.155172 2.25887  2.01152 3.39285 5.0335
0.137931 0.275862 0.137931 2.3011  1.74599 2.99801 4.58729
0.12069 0.241379 0.12069 2.34333  1.52369 2.64585 4.14539
0.103448 0.206897 0.103448 2.38556  1.35832 2.31246 3.6652
0.0862069 0.172414 0.0862069 2.4278  1.20511 1.95329 3.12233
0.0689655 0.137931 0.0689655 2.47003  1.04622 1.58882 2.55464
0.0517241 0.103448 0.0517241 2.51226  0.884641 1.26874 2.02068
0.0344828 0.0689655 0.0344828 2.55449  0.671435 0.914412 1.44942
0.0172414 0.0344828 0.0172414 2.59673  0.379267 0.488698 0.79051
2.22045e-16 4.44089e-16 2.22045e-16 2.63896  -1.20676e-08 6.6072e-14 1.20676e-08
0 0 0 2.63896  0 0 0
0.0263158 0.0263158 0.0263158 2.68454  0.483057 0.526511 0.664771
0.0526316 0.0526316 0.0526316 2.73012  0.813629 0.846847 1.32513
0.0789474 0.0789474 0.0789474 2.7757  0.984763 1.01211 1.98082
0.105263 0.105263 0.105263 2.82128  1.07 1.11955 2.59732
0.131579 0.131579 0.131579 2.86686  1.24776 1.2964 3.135
0.157895 0.157895 0.157895 2.91244  1.55554 1.59998 3.66035
0.184211 0.184211 0.184211 2.95802  1.83223 1.86438 4.1915
0.210526 0.210526 0.210526 3.0036  2.0213 2.05786 4.6995
0.236842 0.236842 0.236842 3.04918  2.16182 2.20032 5.15413
0.263158 0.263158 0.263158 3.09476  2.31906 2.35906 5.55114
0.289474 0.289474 0.289474 3.14034  2.51613 2.55082 5.94433
0.315789 0.315789 0.315789 3.18592  2.69849 2.71868 6.32942
0.342105 0.342105 0.342105 3.2315  2.83059 2.84428 6.68688
0.368421 0.368421 0.368421 3.27708  2.9038 2.95158 6.98342
0.394737 0.394737 0.394737 3.32266  2.99385 3.06028 7.19693
0.421053 0.421053 0.421053 3.36824  3.09401 3.15406 7.35837
0.447368 0.447368 0.447368 3.41382  3.15557 3.18886 7.47431
0.473684 0.473684 0.473684 3.4594  3.15439 3.18298 7.54473
0.5 0.5 0.5 3.50498  3.12668 3.17845 7.56835
