# Time-averaged data for fix outmsd
# TimeStep c_msd[4]
0 1.98312e-28
100 1.27334
200 2.48603
300 4.00594
400 5.5457
500 6.91348
600 8.26885
700 9.7465
800 11.2194
900 12.6824
1000 13.951
1100 15.2344
1200 16.3918
1300 17.7669
1400 19.164
1500 20.7085
1600 22.1041
1700 23.3597
1800 24.7302
1900 26.2324
2000 27.7178
2100 29.1471
2200 30.7197
2300 32.0406
2400 33.5163
2500 35.2458
2600 36.3808
2700 37.4587
2800 38.4887
2900 39.8962
3000 41.0611
3100 42.6864
3200 44.4978
3300 45.9045
3400 47.1734
3500 48.6812
3600 50.0763
3700 51.6124
3800 53.2801
3900 54.441
4000 55.4399
4100 56.6341
4200 58.2547
4300 59.7216
4400 61.048
4500 62.333
4600 63.6433
4700 65.5181
4800 66.3936
4900 67.4153
5000 68.6832
5100 69.9103
5200 71.5195
5300 73.0705
5400 75.0173
5500 76.2321
5600 77.7791
5700 79.2276
5800 81.0465
5900 82.2312
6000 84.0554
6100 85.9117
6200 87.8575
6300 89.0689
6400 90.7974
6500 92.4943
6600 94.091
6700 94.7281
6800 96.1626
6900 97.5194
7000 98.5821
7100 100.295
7200 101.812
7300 103.007
7400 104.438
7500 105.77
7600 107.066
7700 107.353
7800 108.8
7900 110.514
8000 111.825
8100 113.78
8200 115.018
8300 116.741
8400 118.063
8500 119.948
8600 121.404
8700 123.108
8800 125.289
8900 127.103
9000 128.716
9100 130.449
9200 131.444
9300 132.308
9400 133.92
9500 135.274
9600 136.499
9700 137.716
9800 139.717
9900 141.497
10000 142.734
10100 144.034
10200 145.687
10300 146.987
10400 148.675
10500 149.976
10600 151.765
10700 153.188
10800 154.437
10900 155.572
11000 157.715
11100 159.929
11200 161.446
11300 163.803
11400 165.441
11500 167.023
11600 168.265
11700 169.64
11800 169.997
11900 171.057
12000 172.518
12100 174.145
12200 176.102
12300 177.323
12400 178.925
12500 179.836
12600 181.761
12700 183.39
12800 185.273
12900 186.925
13000 188.644
13100 189.708
13200 190.846
13300 192.192
13400 193.496
13500 195.036
13600 196.339
13700 198.506
13800 200.499
13900 201.595
14000 201.944
14100 203.56
14200 204.813
14300 206
14400 208.557
14500 210.56
14600 212.41
14700 214.041
14800 216.021
14900 217.292
15000 219.133
15100 220.304
15200 221.907
15300 223.05
15400 223.788
15500 225.168
15600 225.814
15700 227.884
15800 229.143
15900 230.772
16000 231.347
16100 232.364
16200 234.721
16300 236.67
16400 238.488
16500 239.683
16600 241.339
16700 242.499
16800 242.996
16900 244.586
17000 245.403
17100 246.504
17200 247.778
17300 248.024
17400 249.683
17500 250.763
17600 253.185
17700 253.965
17800 254.615
17900 255.57
18000 256.96
18100 258.271
18200 260.145
18300 262.167
18400 263.396
18500 265.057
18600 265.825
18700 266.787
18800 267.333
18900 269.371
19000 270.898
19100 272.982
19200 275.18
19300 276.769
19400 278.114
19500 279.163
19600 280.488
19700 280.999
19800 282.794
19900 283.843
20000 285.371
20100 286.285
20200 286.66
20300 287.761
20400 289.104
20500 290.54
20600 292.069
20700 292.708
20800 294.284
20900 295.205
21000 296.981
21100 298.279
21200 299.64
21300 301.324
21400 302.706
21500 304.024
21600 305.529
21700 306.701
21800 308.507
21900 310.245
22000 312.18
22100 313.844
22200 315.221
22300 315.836
22400 317.307
22500 318.641
22600 319.893
22700 321.262
22800 322.085
22900 323.691
23000 325.957
23100 328.757
23200 331.138
23300 332.224
23400 334.075
23500 334.83
23600 335.611
23700 337.34
23800 338.708
23900 338.541
24000 340.234
24100 342.11
24200 342.79
24300 344.553
24400 346.281
24500 348.091
24600 349.423
24700 349.767
24800 350.46
24900 352.353
25000 353.561
25100 355.552
25200 356.584
25300 357.391
25400 359.381
25500 360.826
25600 362.15
25700 363.582
25800 366.066
25900 368.617
26000 370.139
26100 372.161
26200 373.862
26300 374.565
26400 376.399
26500 377.394
26600 377.502
26700 378.677
26800 379.661
26900 381.072
27000 382.32
27100 384.117
27200 385.161
27300 387.264
27400 388.807
27500 391.152
27600 392.614
27700 393.314
27800 394.639
27900 395.36
28000 396.914
28100 398.068
28200 400.65
28300 401.774
28400 402.122
28500 402.569
28600 403.114
28700 404.735
28800 406.588
28900 408.683
29000 410.63
29100 411.169
29200 412.345
29300 415.086
29400 416.367
29500 417.581
29600 419.109
29700 420.826
29800 423.298
29900 424.85
30000 426.609
30100 427.956
30200 429.714
30300 430.502
30400 432.196
30500 433.385
30600 435.021
30700 436.099
30800 436.635
30900 437.671
31000 439.549
31100 441.966
31200 443.841
31300 445.536
31400 445.255
31500 446.595
31600 447.561
31700 448.396
31800 450.864
31900 453.505
32000 456.405
32100 458.611
32200 458.823
32300 459.938
32400 459.365
32500 459.374
32600 461.529
32700 462.869
32800 464.233
32900 466.19
33000 467.86
33100 468.876
33200 469.978
33300 471.388
33400 472.708
33500 474.283
33600 475.86
33700 479.361
33800 481.196
33900 483.804
34000 485.581
34100 487.108
34200 488.751
34300 489.997
34400 491.77
34500 492.92
34600 494.676
34700 496.362
34800 497.309
34900 498.388
35000 499.95
35100 502.044
35200 502.499
35300 504.317
35400 506.163
35500 508.545
35600 510.358
35700 512.641
35800 512.726
35900 512.567
36000 514.298
36100 515.521
36200 518.159
36300 519.589
36400 522.159
36500 524.02
36600 525.846
36700 525.771
36800 525.523
36900 527.139
37000 527.691
37100 527.718
37200 528.738
37300 530.948
37400 531.984
37500 532.98
37600 533.313
37700 534.027
37800 535.294
37900 536.013
38000 537.33
38100 538.984
38200 540.92
38300 542.429
38400 543.934
38500 545.332
38600 546.316
38700 546.282
38800 547.381
38900 549.391
39000 552.311
39100 553.823
39200 555.974
39300 558.032
39400 559.677
39500 562.473
39600 564.217
39700 565.374
39800 567.556
39900 568.472
40000 571.421
40100 572.463
40200 572.992
40300 574.477
40400 575.038
40500 575.977
40600 577.116
40700 579.067
40800 580.334
40900 582.159
41000 583.887
41100 584.895
41200 586.947
41300 589.223
41400 590.655
41500 591.232
41600 592.639
41700 592.8
41800 593.914
41900 595.601
42000 596.7
42100 598.409
42200 600.091
42300 601.467
42400 603.065
42500 604.472
42600 605.425
42700 607.12
42800 608.254
42900 610.043
43000 611.817
43100 614.017
43200 615.465
43300 616.542
43400 617.249
43500 618.464
43600 619.964
43700 621.667
43800 623.205
43900 623.4
44000 626.038
44100 627.832
44200 629.588
44300 631.396
44400 633.146
44500 634.953
44600 636.36
44700 637.958
44800 639.106
44900 641.69
45000 642.964
45100 644.845
45200 648.59
45300 648.972
45400 651.33
45500 652.965
45600 655.075
45700 656.364
45800 658.094
45900 658.68
46000 659.311
46100 660.629
46200 662.391
46300 665.261
46400 665.737
46500 667.444
46600 668.785
46700 670.412
46800 673.129
46900 674.844
47000 675.043
47100 675.571
47200 678.232
47300 680.365
47400 681.891
47500 683.588
47600 685.443
47700 686.547
47800 688.783
47900 690.191
48000 691.13
48100 691.688
48200 693.142
48300 694.738
48400 696.616
48500 697.061
48600 700.01
48700 701.776
48800 703.563
48900 706.417
49000 709.536
49100 711.231
49200 712.361
49300 713.872
49400 713.91
49500 715.84
49600 716.33
49700 717.4
49800 719.69
49900 720.512
50000 722.081
50100 722.705
50200 723.361
50300 725.023
50400 725.885
50500 728.44
50600 732.032
50700 735.645
50800 738.928
50900 740.349
51000 741.388
51100 743.024
51200 745.555
51300 746.602
51400 747.451
51500 750.421
51600 750.663
51700 754.456
51800 756.356
51900 758.077
52000 759.7
52100 762.582
52200 762.399
52300 764.281
52400 766.596
52500 766.701
52600 767.255
52700 770.432
52800 770.786
52900 771.759
53000 773.719
53100 774.193
53200 775.771
53300 777.732
53400 779.074
53500 780.255
53600 781.195
53700 783.044
53800 785.783
53900 787.601
54000 789.57
54100 791.513
54200 791.979
54300 792.237
54400 792.89
54500 794.989
54600 797.047
54700 798.551
54800 798.325
54900 798.201
55000 799.469
55100 801.528
55200 802.417
55300 803.936
55400 805.491
55500 806.504
55600 808.41
55700 809.545
55800 811.929
55900 812.408
56000 813.643
56100 813.149
56200 815.967
56300 817.758
56400 820.075
56500 820.495
56600 819.69
56700 820.7
56800 821.454
56900 822.716
57000 822.591
57100 824.023
57200 825.021
57300 827.849
57400 827.357
57500 828.159
57600 830.15
57700 831.708
57800 834.297
57900 835.407
58000 836.369
58100 836.433
58200 836.816
58300 839.125
58400 841.649
58500 841.605
58600 842.471
58700 843.508
58800 844.412
58900 845.257
59000 846.735
59100 848.75
59200 850.428
59300 852.61
59400 853.079
59500 853.812
59600 855.211
59700 856.496
59800 857.953
59900 858.881
60000 860.23
60100 861.562
60200 862.462
60300 863.718
60400 862.803
60500 864.077
60600 864.889
60700 866.331
60800 866.935
60900 867.993
61000 869.97
61100 870.866
61200 871.43
61300 873.934
61400 876.368
61500 878.312
61600 879.27
61700 880.763
61800 881.887
61900 883.433
62000 886.358
62100 888.87
62200 890.185
62300 891.837
62400 895.158
62500 896.175
62600 898.064
62700 900.601
62800 902.146
62900 903.323
63000 905.063
63100 906.563
63200 908.525
63300 909.903
63400 912.692
63500 914.069
63600 916.478
63700 917.559
63800 918.92
63900 919.449
64000 920.698
64100 921.382
64200 922.054
64300 923.92
64400 926.516
64500 927.362
64600 928.737
64700 930.351
64800 930.84
64900 933.397
65000 934.61
65100 935.824
65200 937.354
65300 938.474
65400 938.402
65500 939.192
65600 939.768
65700 940.953
65800 942.42
65900 943.971
66000 944.483
66100 945.395
66200 946.969
66300 947.81
66400 947.797
66500 950.164
66600 950.604
66700 951.13
66800 952.752
66900 953.448
67000 955.386
67100 957.321
67200 958.75
67300 959.944
67400 960.008
67500 961.115
67600 962.608
67700 964.153
67800 965.44
67900 966.698
68000 967.361
68100 970.058
68200 971.045
68300 972.57
68400 972.121
68500 973.053
68600 974.42
68700 974.553
68800 977.221
68900 979.863
69000 981.365
69100 982.972
69200 983.968
69300 984.544
69400 985.073
69500 986.779
69600 987.931
69700 988.795
69800 990.727
69900 992.513
70000 995.02
70100 997.657
70200 999.655
70300 1001.37
70400 1003.03
70500 1003.54
70600 1002.65
70700 1003.71
70800 1004.39
70900 1005.8
71000 1008.57
71100 1010.69
71200 1010.72
71300 1012.1
71400 1014.38
71500 1016.07
71600 1017.67
71700 1018.12
71800 1018.79
71900 1019.95
72000 1023.15
72100 1025.15
72200 1026.42
72300 1027.75
72400 1028.12
72500 1031.57
72600 1033.26
72700 1033.34
72800 1034.02
72900 1036.72
73000 1037.47
73100 1039.51
73200 1039.83
73300 1042.83
73400 1044.98
73500 1045.07
73600 1047.12
73700 1049.25
73800 1050.75
73900 1051.58
74000 1054.31
74100 1054.57
74200 1056.32
74300 1056.49
74400 1057.33
74500 1058.77
74600 1061
74700 1062.02
74800 1063.83
74900 1065.68
75000 1065.83
75100 1066.83
75200 1069.84
75300 1070.9
75400 1072.62
75500 1076.7
75600 1076.77
75700 1079.09
75800 1079.01
75900 1080.58
76000 1082.1
76100 1083.03
76200 1084.85
76300 1084.81
76400 1085.15
76500 1088.08
76600 1090.16
76700 1092.62
76800 1094.25
76900 1094.18
77000 1095.57
77100 1095.41
77200 1096.86
77300 1098.34
77400 1099.81
77500 1101.04
77600 1101.36
77700 1102.29
77800 1105.33
77900 1106.69
78000 1108.5
78100 1109.86
78200 1110.53
78300 1111.04
78400 1112.09
78500 1113.06
78600 1113.97
78700 1113.31
78800 1115.67
78900 1116.9
79000 1117.87
79100 1118.53
79200 1119.32
79300 1119.44
79400 1121.64
79500 1121.51
79600 1124.11
79700 1124.65
79800 1129.26
79900 1129.29
80000 1131.06
80100 1133.83
80200 1136.09
80300 1137.37
80400 1139.29
80500 1140.61
80600 1140.7
80700 1141.1
80800 1141.94
80900 1145.29
81000 1146.3
81100 1147.87
81200 1148.44
81300 1150.63
81400 1152.01
81500 1154.04
81600 1154.78
81700 1157.62
81800 1159.27
81900 1161.55
82000 1162.06
82100 1164.32
82200 1167.01
82300 1168.59
82400 1169.77
82500 1171.51
82600 1172.58
82700 1175.16
82800 1177.78
82900 1179.8
83000 1181.18
83100 1179.72
83200 1180.76
83300 1182.71
83400 1186.35
83500 1187.43
83600 1188.27
83700 1188.96
83800 1191.07
83900 1192.57
84000 1193.01
84100 1195.86
84200 1198.27
84300 1201.12
84400 1203.6
84500 1206
84600 1207.66
84700 1209.1
84800 1210.6
84900 1211.69
85000 1212.95
85100 1214.14
85200 1216.37
85300 1218.82
85400 1219.64
85500 1220.03
85600 1221.83
85700 1222.84
85800 1224.91
85900 1226.83
86000 1228.11
86100 1229.61
86200 1230.83
86300 1232.51
86400 1231.72
86500 1232.74
86600 1233.87
86700 1236.42
86800 1238.26
86900 1239.01
87000 1240.56
87100 1241.48
87200 1243.67
87300 1245.22
87400 1247.11
87500 1250.22
87600 1250.4
87700 1250.74
87800 1251.92
87900 1253.92
88000 1253.81
88100 1256.05
88200 1256.77
88300 1257.75
88400 1257.5
88500 1259.13
88600 1259.72
88700 1264.3
88800 1266.56
88900 1267.04
89000 1269.25
89100 1268.48
89200 1270.36
89300 1270.37
89400 1272.14
89500 1273.04
89600 1273.57
89700 1274.28
89800 1275.05
89900 1276.69
90000 1276.6
90100 1276.89
90200 1277.44
90300 1279.74
90400 1281.97
90500 1284
90600 1285.18
90700 1286.65
90800 1289.44
90900 1291.93
91000 1293.86
91100 1296.45
91200 1297.44
91300 1299.52
91400 1300.06
91500 1301.71
91600 1303.75
91700 1304.68
91800 1305.08
91900 1307.28
92000 1311.77
92100 1312.4
92200 1313.78
92300 1316.08
92400 1316.68
92500 1318.78
92600 1319.63
92700 1320.63
92800 1321.03
92900 1322.78
93000 1322.93
93100 1326.35
93200 1329.29
93300 1331.27
93400 1331.62
93500 1331.98
93600 1333.37
93700 1335.47
93800 1336.39
93900 1337.8
94000 1338.32
94100 1337.59
94200 1339.94
94300 1340.64
94400 1342.6
94500 1344.55
94600 1346.24
94700 1345.86
94800 1345.83
94900 1348.53
95000 1349.58
95100 1351.41
95200 1354.05
95300 1354.64
95400 1356.64
95500 1358.79
95600 1360.96
95700 1359.49
95800 1361.77
95900 1362.3
96000 1364.34
96100 1366
96200 1367.95
96300 1371.39
96400 1372.76
96500 1374.44
96600 1375.46
96700 1377.5
96800 1381.07
96900 1381.23
97000 1383.86
97100 1384.85
97200 1384.97
97300 1386.55
97400 1388.22
97500 1389.38
97600 1389.19
97700 1390.45
97800 1392.16
97900 1395.54
98000 1398.83
98100 1401.55
98200 1402.02
98300 1403.93
98400 1402.97
98500 1402.55
98600 1403.99
98700 1404.69
98800 1407.87
98900 1409.21
99000 1409.73
99100 1411.73
99200 1412.13
99300 1412.26
99400 1415.16
99500 1417.21
99600 1417.96
99700 1420.54
99800 1422.33
99900 1423.82
100000 1427.06
