# Time-averaged data for fix rec
# TimeStep Number-of-rows
# Row c_gr[1] c_gr[2] c_gr[3]
20000 250
1 0.017 0 0
2 0.051 0 0
3 0.085 0 0
4 0.119 0 0
5 0.153 0 0
6 0.187 0 0
7 0.221 0 0
8 0.255 0 0
9 0.289 0 0
10 0.323 0 0
11 0.357 0 0
12 0.391 0 0
13 0.425 0 0
14 0.459 0 0
15 0.493 0 0
16 0.527 0 0
17 0.561 0 0
18 0.595 0 0
19 0.629 0 0
20 0.663 0 0
21 0.697 0 0
22 0.731 0 0
23 0.765 0 0
24 0.799 0 0
25 0.833 0 0
26 0.867 0 0
27 0.901 0 0
28 0.935 0 0
29 0.969 0 0
30 1.003 0 0
31 1.037 0 0
32 1.071 0 0
33 1.105 0 0
34 1.139 0 0
35 1.173 0 0
36 1.207 0 0
37 1.241 0 0
38 1.275 0 0
39 1.309 0 0
40 1.343 0 0
41 1.377 0 0
42 1.411 0 0
43 1.445 0 0
44 1.479 0 0
45 1.513 0 0
46 1.547 0 0
47 1.581 0 0
48 1.615 0 0
49 1.649 0 0
50 1.683 0 0
51 1.717 0 0
52 1.751 0 0
53 1.785 0 0
54 1.819 0 0
55 1.853 0 0
56 1.887 0 0
57 1.921 0 0
58 1.955 0.000147776 2e-05
59 1.989 0.00085328 0.00014
60 2.023 0.00261391 0.00052
61 2.057 0.00625386 0.00146
62 2.091 0.0258116 0.00547
63 2.125 0.0651988 0.01593
64 2.159 0.160086 0.04244
65 2.193 0.360592 0.10405
66 2.227 0.663508 0.22096
67 2.261 1.0537 0.41233
68 2.295 1.50877 0.69466
69 2.329 2.02757 1.08539
70 2.363 2.51356 1.58401
71 2.397 2.94705 2.18558
72 2.431 3.23247 2.86424
73 2.465 3.40723 3.59975
74 2.499 3.39292 4.35251
75 2.533 3.24528 5.09224
76 2.567 3.00357 5.79537
77 2.601 2.75245 6.45689
78 2.635 2.51933 7.07832
79 2.669 2.3112 7.66321
80 2.703 2.1313 8.21641
81 2.737 2.0085 8.75094
82 2.771 1.9074 9.27125
83 2.805 1.8564 9.79015
84 2.839 1.78503 10.3013
85 2.873 1.72209 10.8062
86 2.907 1.62311 11.2935
87 2.941 1.49441 11.7527
88 2.975 1.33777 12.1734
89 3.009 1.17392 12.551
90 3.043 0.975782 12.8719
91 3.077 0.787546 13.1368
92 3.111 0.621041 13.3504
93 3.145 0.483794 13.5204
94 3.179 0.358961 13.6492
95 3.213 0.26458 13.7462
96 3.247 0.191972 13.8181
97 3.281 0.138597 13.8712
98 3.315 0.096937 13.909
99 3.349 0.0702261 13.937
100 3.383 0.050989 13.9577
101 3.417 0.0391081 13.9739
102 3.451 0.0312744 13.9871
103 3.485 0.0286459 13.9995
104 3.519 0.0313692 14.0133
105 3.553 0.0422557 14.0323
106 3.587 0.0543421 14.0571
107 3.621 0.0852929 14.0968
108 3.655 0.126821 14.157
109 3.689 0.181185 14.2446
110 3.723 0.261662 14.3735
111 3.757 0.359905 14.554
112 3.791 0.482076 14.8001
113 3.825 0.616025 15.1203
114 3.859 0.769945 15.5276
115 3.893 0.933357 16.0302
116 3.927 1.09393 16.6295
117 3.961 1.23643 17.3187
118 3.995 1.34724 18.0826
119 4.029 1.42154 18.9024
120 4.063 1.45258 19.7543
121 4.097 1.43999 20.613
122 4.131 1.38289 21.4513
123 4.165 1.29742 22.2509
124 4.199 1.17261 22.9854
125 4.233 1.04207 23.6487
126 4.267 0.916072 24.2413
127 4.301 0.799795 24.7668
128 4.335 0.718627 25.2466
129 4.369 0.655108 25.6908
130 4.403 0.649087 26.1379
131 4.437 0.687452 26.6186
132 4.471 0.772098 27.167
133 4.505 0.900416 27.8162
134 4.539 1.07052 28.5997
135 4.573 1.27707 29.5486
136 4.607 1.50257 30.6815
137 4.641 1.72892 32.0045
138 4.675 1.95656 33.5237
139 4.709 2.14642 35.2146
140 4.743 2.30095 37.0536
141 4.777 2.39773 38.9974
142 4.811 2.45122 41.013
143 4.845 2.42365 43.0341
144 4.879 2.34638 45.0184
145 4.913 2.22227 46.924
146 4.947 2.04529 48.7022
147 4.981 1.84284 50.3265
148 5.015 1.61949 51.7734
149 5.049 1.38911 53.0314
150 5.083 1.17865 54.1132
151 5.117 0.966195 55.0119
152 5.151 0.785545 55.7523
153 5.185 0.621708 56.3461
154 5.219 0.483808 56.8142
155 5.253 0.373363 57.1802
156 5.287 0.285837 57.464
157 5.321 0.220526 57.6858
158 5.355 0.17725 57.8664
159 5.389 0.151447 58.0226
160 5.423 0.144418 58.1735
161 5.457 0.147676 58.3297
162 5.491 0.162497 58.5038
163 5.525 0.185044 58.7044
164 5.559 0.214324 58.9398
165 5.593 0.245101 59.2121
166 5.627 0.277928 59.5248
167 5.661 0.307473 59.8748
168 5.695 0.337798 60.2641
169 5.729 0.357853 60.6813
170 5.763 0.38221 61.1323
171 5.797 0.394826 61.6037
172 5.831 0.415079 62.1051
173 5.865 0.437267 62.6394
174 5.899 0.474095 63.2255
175 5.933 0.524636 63.8816
176 5.967 0.591668 64.63
177 6.001 0.685262 65.5067
178 6.035 0.807087 66.5511
179 6.069 0.947 67.7902
180 6.103 1.11501 69.2657
181 6.137 1.28994 70.9917
182 6.171 1.47232 72.9837
183 6.205 1.65187 75.2432
184 6.239 1.80582 77.7404
185 6.273 1.9394 80.4516
186 6.307 2.03319 83.3249
187 6.341 2.08147 86.2981
188 6.375 2.08544 89.3091
189 6.409 2.03512 92.2788
190 6.443 1.94105 95.1413
191 6.477 1.80924 97.8377
192 6.511 1.65548 100.331
193 6.545 1.48127 102.585
194 6.579 1.31102 104.601
195 6.613 1.14013 106.372
196 6.647 0.984666 107.918
197 6.681 0.860943 109.283
198 6.715 0.763237 110.505
199 6.749 0.698506 111.636
200 6.783 0.668911 112.729
201 6.817 0.673557 113.841
202 6.851 0.703714 115.014
203 6.885 0.753342 116.283
204 6.919 0.814604 117.668
205 6.953 0.874906 119.171
206 6.987 0.938726 120.799
207 7.021 0.991917 122.536
208 7.055 1.03316 124.363
209 7.089 1.06518 126.265
210 7.123 1.08547 128.221
211 7.157 1.0919 130.208
212 7.191 1.10072 132.23
213 7.225 1.10454 134.279
214 7.259 1.12212 136.379
215 7.293 1.13451 138.523
216 7.327 1.15216 140.72
217 7.361 1.17378 142.98
218 7.395 1.1859 145.284
219 7.429 1.19651 147.63
220 7.463 1.18782 149.98
221 7.497 1.16065 152.298
222 7.531 1.11564 154.545
223 7.565 1.05099 156.682
224 7.599 0.966688 158.665
225 7.633 0.867234 160.46
226 7.667 0.761307 162.05
227 7.701 0.65991 163.44
228 7.735 0.562897 164.637
229 7.769 0.48074 165.667
230 7.803 0.408186 166.55
231 7.837 0.360421 167.337
232 7.871 0.322242 168.046
233 7.905 0.30653 168.726
234 7.939 0.309633 169.42
235 7.973 0.327335 170.159
236 8.007 0.357294 170.973
237 8.041 0.395668 171.882
238 8.075 0.44707 172.917
239 8.109 0.509616 174.108
240 8.143 0.579103 175.472
241 8.177 0.662136 177.045
242 8.211 0.758495 178.862
243 8.245 0.865727 180.952
244 8.279 0.990646 183.365
245 8.313 1.12815 186.135
246 8.347 1.2769 189.295
247 8.381 1.42387 192.848
248 8.415 1.57461 196.81
249 8.449 1.70863 201.143
250 8.483 1.82538 205.81
