# Time-averaged data for fix rec
# TimeStep Number-of-rows
# Row c_gr[1] c_gr[2] c_gr[3]
20000 250
1 0.017 0 0
2 0.051 0 0
3 0.085 0 0
4 0.119 0 0
5 0.153 0 0
6 0.187 0 0
7 0.221 0 0
8 0.255 0 0
9 0.289 0 0
10 0.323 0 0
11 0.357 0 0
12 0.391 0 0
13 0.425 0 0
14 0.459 0 0
15 0.493 0 0
16 0.527 0 0
17 0.561 0 0
18 0.595 0 0
19 0.629 0 0
20 0.663 0 0
21 0.697 0 0
22 0.731 0 0
23 0.765 0 0
24 0.799 0 0
25 0.833 0 0
26 0.867 0 0
27 0.901 0 0
28 0.935 0 0
29 0.969 0 0
30 1.003 0 0
31 1.037 0 0
32 1.071 0 0
33 1.105 0 0
34 1.139 0 0
35 1.173 0 0
36 1.207 0 0
37 1.241 0 0
38 1.275 0 0
39 1.309 0 0
40 1.343 0 0
41 1.377 0 0
42 1.411 0 0
43 1.445 0 0
44 1.479 0 0
45 1.513 0 0
46 1.547 0 0
47 1.581 0 0
48 1.615 0 0
49 1.649 0 0
50 1.683 0 0
51 1.717 0 0
52 1.751 0 0
53 1.785 0 0
54 1.819 0 0
55 1.853 0 0
56 1.887 0 0
57 1.921 0.000570796 4.62963e-05
58 1.955 0.00247463 0.00025463
59 1.989 0.00411838 0.000613426
60 2.023 0.0121982 0.00171296
61 2.057 0.0309375 0.00459491
62 2.091 0.066001 0.0109491
63 2.125 0.124337 0.0233102
64 2.159 0.218364 0.0457176
65 2.193 0.346419 0.0823958
66 2.227 0.508152 0.13787
67 2.261 0.723221 0.219259
68 2.295 0.950614 0.329479
69 2.329 1.18441 0.470914
70 2.363 1.41839 0.645266
71 2.397 1.63102 0.851574
72 2.431 1.76257 1.08088
73 2.465 1.8899 1.33367
74 2.499 1.94616 1.60123
75 2.533 1.99899 1.88356
76 2.567 1.98848 2.17203
77 2.601 1.9307 2.45956
78 2.635 1.84332 2.74131
79 2.669 1.74364 3.01475
80 2.703 1.67982 3.28492
81 2.737 1.58514 3.54632
82 2.771 1.49375 3.79881
83 2.805 1.40452 4.04208
84 2.839 1.31609 4.2756
85 2.873 1.26474 4.50542
86 2.907 1.21098 4.73069
87 2.941 1.13354 4.94654
88 2.975 1.12316 5.16537
89 3.009 1.08044 5.38073
90 3.043 1.06249 5.59733
91 3.077 1.0557 5.81737
92 3.111 1.03427 6.03774
93 3.145 1.0102 6.25771
94 3.179 1.01234 6.48294
95 3.213 1.00874 6.7122
96 3.247 0.976112 6.93875
97 3.281 0.984149 7.17198
98 3.315 0.958119 7.40378
99 3.349 0.942672 7.63655
100 3.383 0.937267 7.8727
101 3.417 0.931202 8.11206
102 3.451 0.922531 8.35392
103 3.485 0.917192 8.59914
104 3.519 0.930297 8.85275
105 3.553 0.956881 9.11868
106 3.587 0.969256 9.39321
107 3.621 0.975115 9.67468
108 3.655 1.00291 9.96962
109 3.689 1.00269 10.27
110 3.723 1.01575 10.58
111 3.757 1.02335 10.898
112 3.791 1.03241 11.2246
113 3.825 1.04597 11.5614
114 3.859 1.04902 11.9053
115 3.893 1.03531 12.2507
116 3.927 1.04722 12.6063
117 3.961 1.04049 12.9656
118 3.995 1.02909 13.3272
119 4.029 1.02438 13.6933
120 4.063 1.02413 14.0654
121 4.097 1.00725 14.4376
122 4.131 1.01737 14.8198
123 4.165 0.990549 15.1981
124 4.199 0.98833 15.5817
125 4.233 0.971048 15.9647
126 4.267 0.971243 16.354
127 4.301 0.958981 16.7445
128 4.335 0.954392 17.1393
129 4.369 0.949874 17.5385
130 4.403 0.938963 17.9392
131 4.437 0.934327 18.3441
132 4.471 0.928503 18.7527
133 4.505 0.925625 19.1662
134 4.539 0.907261 19.5777
135 4.573 0.897168 19.9907
136 4.607 0.901257 20.4118
137 4.641 0.899449 20.8383
138 4.675 0.914328 21.2781
139 4.709 0.906282 21.7205
140 4.743 0.913093 22.1727
141 4.777 0.913785 22.6318
142 4.811 0.912395 23.0967
143 4.845 0.920752 23.5725
144 4.879 0.928819 24.0592
145 4.913 0.934466 24.5557
146 4.947 0.940101 25.0622
147 4.981 0.942625 25.577
148 5.015 0.956297 26.1065
149 5.049 0.971393 26.6516
150 5.083 0.975905 27.2067
151 5.117 0.975598 27.769
152 5.151 0.985949 28.3449
153 5.185 1.0022 28.9381
154 5.219 1.00696 29.5418
155 5.253 1.0081 30.1542
156 5.287 1.01453 30.7785
157 5.321 1.01546 31.4114
158 5.355 1.0261 32.0592
159 5.389 1.03105 32.7183
160 5.423 1.0389 33.3909
161 5.457 1.02726 34.0644
162 5.491 1.03749 34.753
163 5.525 1.03718 35.45
164 5.559 1.03311 36.1528
165 5.593 1.033 36.8642
166 5.627 1.03875 37.5882
167 5.661 1.03937 38.3215
168 5.695 1.04074 39.0646
169 5.729 1.04304 39.8182
170 5.763 1.04106 40.5794
171 5.797 1.03601 41.3458
172 5.831 1.03591 42.1212
173 5.865 1.03492 42.9049
174 5.899 1.03713 43.6994
175 5.933 1.04351 44.508
176 5.967 1.0347 45.319
177 6.001 1.03035 46.1359
178 6.035 1.03177 46.9631
179 6.069 1.03191 47.7998
180 6.103 1.02819 48.6429
181 6.137 1.03019 49.497
182 6.171 1.03419 50.364
183 6.205 1.02723 51.2347
184 6.239 1.02651 52.1143
185 6.273 1.02568 53.0028
186 6.307 1.01846 53.8946
187 6.341 1.0176 54.7953
188 6.375 1.01603 55.7043
189 6.409 1.01975 56.6264
190 6.443 1.01352 57.5526
191 6.477 1.01217 58.4874
192 6.511 1.01162 59.4314
193 6.545 1.00713 60.3812
194 6.579 0.996914 61.331
195 6.613 0.999116 62.2929
196 6.647 1.00193 63.2674
197 6.681 0.996212 64.2463
198 6.715 0.990128 65.2291
199 6.749 0.992641 66.2244
200 6.783 0.985297 67.2223
201 6.817 0.982717 68.2277
202 6.851 0.985441 69.2459
203 6.885 0.984829 70.2736
204 6.919 0.9866 71.3133
205 6.953 0.98231 72.3587
206 6.987 0.978147 73.4099
207 7.021 0.993296 74.4878
208 7.055 0.976335 75.5575
209 7.089 0.976716 76.6381
210 7.123 0.983172 77.7362
211 7.157 0.977223 78.8381
212 7.191 0.981312 79.9552
213 7.225 0.978166 81.0792
214 7.259 0.981876 82.2182
215 7.293 0.980337 83.366
216 7.327 0.983853 84.5287
217 7.361 0.980012 85.6977
218 7.395 0.977796 86.8748
219 7.429 0.983193 88.0693
220 7.463 0.989047 89.282
221 7.497 0.984165 90.4997
222 7.531 0.987298 91.7324
223 7.565 0.99355 92.9841
224 7.599 0.991996 94.2452
225 7.633 0.990963 95.5162
226 7.667 0.990041 96.7973
227 7.701 0.997116 98.0991
228 7.735 1.00762 99.4262
229 7.769 1.00007 100.755
230 7.803 0.996675 102.091
231 7.837 0.997484 103.44
232 7.871 0.998757 104.802
233 7.905 1.00818 106.189
234 7.939 1.00602 107.585
235 7.973 1.00696 108.994
236 8.007 1.00154 110.407
237 8.041 1.00352 111.836
238 8.075 1.00674 113.281
239 8.109 1.00147 114.73
240 8.143 1.01056 116.205
241 8.177 1.00252 117.681
242 8.211 1.00853 119.178
243 8.245 1.0084 120.687
244 8.279 1.01197 122.214
245 8.313 1.00514 123.743
246 8.347 1.00322 125.282
247 8.381 1.00477 126.835
248 8.415 1.01392 128.416
249 8.449 1.0089 130.001
250 8.483 1.00494 131.593
