# Time-averaged data for fix rec
# TimeStep Number-of-rows
# Row c_gr[1] c_gr[2] c_gr[3]
20000 250
1 0.017 0 0
2 0.051 0 0
3 0.085 0 0
4 0.119 0 0
5 0.153 0 0
6 0.187 0 0
7 0.221 0 0
8 0.255 0 0
9 0.289 0 0
10 0.323 0 0
11 0.357 0 0
12 0.391 0 0
13 0.425 0 0
14 0.459 0 0
15 0.493 0 0
16 0.527 0 0
17 0.561 0 0
18 0.595 0 0
19 0.629 0 0
20 0.663 0 0
21 0.697 0 0
22 0.731 0 0
23 0.765 0 0
24 0.799 0 0
25 0.833 0 0
26 0.867 0 0
27 0.901 0 0
28 0.935 0 0
29 0.969 0 0
30 1.003 0 0
31 1.037 0 0
32 1.071 0 0
33 1.105 0 0
34 1.139 0 0
35 1.173 0 0
36 1.207 0 0
37 1.241 0 0
38 1.275 0 0
39 1.309 0 0
40 1.343 0 0
41 1.377 0 0
42 1.411 0 0
43 1.445 0 0
44 1.479 0 0
45 1.513 0 0
46 1.547 0 0
47 1.581 0 0
48 1.615 0 0
49 1.649 0 0
50 1.683 0 0
51 1.717 0 0
52 1.751 0 0
53 1.785 0 0
54 1.819 0 0
55 1.853 0 0
56 1.887 0 0
57 1.921 0 0
58 1.955 0 0
59 1.989 0 0
60 2.023 0 0
61 2.057 0 0
62 2.091 0 0
63 2.125 0 0
64 2.159 0 0
65 2.193 0 0
66 2.227 0 0
67 2.261 0 0
68 2.295 0 0
69 2.329 0 0
70 2.363 0 0
71 2.397 0 0
72 2.431 0 0
73 2.465 0 0
74 2.499 0.000221755 2.5e-05
75 2.533 0.000216618 5e-05
76 2.567 0.00147256 0.000225
77 2.601 0.00307145 0.0006
78 2.635 0.00638086 0.0014
79 2.669 0.0194505 0.0039
80 2.703 0.0405656 0.00925
81 2.737 0.0839674 0.0206
82 2.771 0.164472 0.0434
83 2.805 0.287265 0.0842
84 2.839 0.480938 0.154175
85 2.873 0.81366 0.2754
86 2.907 1.1993 0.458325
87 2.941 1.68114 0.7208
88 2.975 2.29985 1.0882
89 3.009 2.90438 1.56285
90 3.043 3.52678 2.1523
91 3.077 4.02912 2.84083
92 3.111 4.49764 3.62653
93 3.145 4.65959 4.45838
94 3.179 4.80974 5.3357
95 3.213 4.61473 6.19555
96 3.247 4.3621 7.0256
97 3.281 3.98368 7.7996
98 3.315 3.52939 8.49962
99 3.349 3.08953 9.12503
100 3.383 2.64952 9.6723
101 3.417 2.20406 10.1367
102 3.451 1.83145 10.5304
103 3.485 1.47157 10.8529
104 3.519 1.20203 11.1216
105 3.553 0.939357 11.3356
106 3.587 0.728982 11.5049
107 3.621 0.553689 11.6359
108 3.655 0.425907 11.7386
109 3.689 0.305789 11.8137
110 3.723 0.224983 11.8699
111 3.757 0.168992 11.913
112 3.791 0.124526 11.9453
113 3.825 0.0916591 11.9695
114 3.859 0.0723698 11.9889
115 3.893 0.0633447 12.0063
116 3.927 0.0584729 12.0226
117 3.961 0.0678077 12.0417
118 3.995 0.0781908 12.0643
119 4.029 0.0953999 12.0922
120 4.063 0.121389 12.1284
121 4.097 0.155288 12.1754
122 4.131 0.199905 12.237
123 4.165 0.245137 12.3138
124 4.199 0.295067 12.4077
125 4.233 0.355709 12.5227
126 4.267 0.437119 12.6664
127 4.301 0.516088 12.8387
128 4.335 0.601362 13.0427
129 4.369 0.674969 13.2752
130 4.403 0.756379 13.5399
131 4.437 0.831078 13.8352
132 4.471 0.888151 14.1557
133 4.505 0.927403 14.4954
134 4.539 0.936047 14.8434
135 4.573 0.94544 15.2003
136 4.607 0.923167 15.554
137 4.641 0.888849 15.8995
138 4.675 0.822207 16.2238
139 4.709 0.756131 16.5264
140 4.743 0.66939 16.7982
141 4.777 0.594947 17.0432
142 4.811 0.532455 17.2657
143 4.845 0.45592 17.4588
144 4.879 0.404774 17.6327
145 4.913 0.368488 17.7932
146 4.947 0.348373 17.9471
147 4.981 0.340159 18.0994
148 5.015 0.35363 18.26
149 5.049 0.400749 18.4444
150 5.083 0.454073 18.6561
151 5.117 0.52871 18.906
152 5.151 0.63196 19.2086
153 5.185 0.725578 19.5607
154 5.219 0.855282 19.9812
155 5.253 1.01003 20.4843
156 5.287 1.14173 21.0603
157 5.321 1.29869 21.724
158 5.355 1.44438 22.4716
159 5.389 1.60854 23.3148
160 5.423 1.72362 24.2297
161 5.457 1.83465 25.2158
162 5.491 1.91378 26.2573
163 5.525 1.98343 27.35
164 5.559 1.99232 28.4613
165 5.593 2.00425 29.5929
166 5.627 1.92771 30.6945
167 5.661 1.84886 31.7639
168 5.695 1.7551 32.7913
169 5.729 1.65677 33.7727
170 5.763 1.53647 34.6937
171 5.797 1.44156 35.568
172 5.831 1.3455 36.3937
173 5.865 1.28717 37.1928
174 5.899 1.24258 37.9732
175 5.933 1.23092 38.7552
176 5.967 1.23035 39.5459
177 6.001 1.24399 40.3545
178 6.035 1.27584 41.1932
179 6.069 1.31516 42.0675
180 6.103 1.35766 42.9802
181 6.137 1.38854 43.9241
182 6.171 1.40339 44.8887
183 6.205 1.40583 45.8656
184 6.239 1.39135 46.8431
185 6.273 1.34681 47.7996
186 6.307 1.3061 48.7373
187 6.341 1.226 49.627
188 6.375 1.14134 50.4642
189 6.409 1.04414 51.2383
190 6.443 0.951081 51.9508
191 6.477 0.855295 52.5984
192 6.511 0.75398 53.1752
193 6.545 0.671506 53.6944
194 6.579 0.586471 54.1525
195 6.613 0.516984 54.5605
196 6.647 0.458382 54.926
197 6.681 0.402851 55.2505
198 6.715 0.368766 55.5507
199 6.749 0.345686 55.8348
200 6.783 0.341191 56.1182
201 6.817 0.350664 56.4123
202 6.851 0.361602 56.7186
203 6.885 0.389382 57.0518
204 6.919 0.432358 57.4254
205 6.953 0.475077 57.8399
206 6.987 0.527978 58.3052
207 7.021 0.581 58.8221
208 7.055 0.638708 59.3959
209 7.089 0.684197 60.0165
210 7.123 0.740419 60.6945
211 7.157 0.788598 61.4237
212 7.191 0.826548 62.1951
213 7.225 0.834737 62.9816
214 7.259 0.859434 63.7989
215 7.293 0.863372 64.6277
216 7.327 0.879142 65.4796
217 7.361 0.886272 66.3464
218 7.395 0.889717 67.2245
219 7.429 0.903359 68.1244
220 7.463 0.911164 69.0404
221 7.497 0.927963 69.9817
222 7.531 0.953485 70.9578
223 7.565 0.968062 71.9577
224 7.599 0.990606 72.9902
225 7.633 1.01607 74.0586
226 7.667 1.02898 75.1503
227 7.701 1.03864 76.2621
228 7.735 1.05129 77.3974
229 7.769 1.05956 78.5516
230 7.803 1.05246 79.7082
231 7.837 1.06599 80.8899
232 7.871 1.05822 82.0732
233 7.905 1.07349 83.2839
234 7.939 1.08377 84.5168
235 7.973 1.09589 85.7742
236 8.007 1.13693 87.0898
237 8.041 1.16007 88.4436
238 8.075 1.19615 89.8514
239 8.109 1.24579 91.3299
240 8.143 1.29903 92.8846
241 8.177 1.35488 94.5197
242 8.211 1.42393 96.2525
243 8.245 1.48145 98.0702
244 8.279 1.54686 99.9838
245 8.313 1.5994 101.979
246 8.347 1.64503 104.047
247 8.381 1.67318 106.169
248 8.415 1.68975 108.328
249 8.449 1.70135 110.52
250 8.483 1.67654 112.698
