# Time-averaged data for fix rec
# TimeStep Number-of-rows
# Row c_gr[1] c_gr[2] c_gr[3]
20000 250
1 0.017 0 0
2 0.051 0 0
3 0.085 0 0
4 0.119 0 0
5 0.153 0 0
6 0.187 0 0
7 0.221 0 0
8 0.255 0 0
9 0.289 0 0
10 0.323 0 0
11 0.357 0 0
12 0.391 0 0
13 0.425 0 0
14 0.459 0 0
15 0.493 0 0
16 0.527 0 0
17 0.561 0 0
18 0.595 0 0
19 0.629 0 0
20 0.663 0 0
21 0.697 0 0
22 0.731 0 0
23 0.765 0 0
24 0.799 0 0
25 0.833 0 0
26 0.867 0 0
27 0.901 0 0
28 0.935 0 0
29 0.969 0 0
30 1.003 0 0
31 1.037 0 0
32 1.071 0 0
33 1.105 0 0
34 1.139 0 0
35 1.173 0 0
36 1.207 0 0
37 1.241 0 0
38 1.275 0 0
39 1.309 0 0
40 1.343 0 0
41 1.377 0 0
42 1.411 0 0
43 1.445 0 0
44 1.479 0 0
45 1.513 0 0
46 1.547 0 0
47 1.581 0 0
48 1.615 0 0
49 1.649 0 0
50 1.683 0 0
51 1.717 0 0
52 1.751 0 0
53 1.785 0 0
54 1.819 0 0
55 1.853 0 0
56 1.887 0 0
57 1.921 0 0
58 1.955 0 0
59 1.989 0 0
60 2.023 0 0
61 2.057 0 0
62 2.091 0 0
63 2.125 0 0
64 2.159 0 0
65 2.193 0 0
66 2.227 7.97197e-05 9.76563e-06
67 2.261 0.000154066 2.92969e-05
68 2.295 0.00119754 0.000185547
69 2.329 0.00421449 0.000751953
70 2.363 0.0124261 0.0024707
71 2.397 0.0269685 0.00630859
72 2.431 0.058236 0.014834
73 2.465 0.11316 0.0318652
74 2.499 0.210597 0.0644434
75 2.533 0.366533 0.122695
76 2.567 0.629193 0.225391
77 2.601 0.999432 0.392861
78 2.635 1.48031 0.647441
79 2.669 2.08176 1.01476
80 2.703 2.71912 1.50683
81 2.737 3.33855 2.12629
82 2.771 3.88489 2.86515
83 2.805 4.32893 3.70878
84 2.839 4.59291 4.62568
85 2.873 4.6303 5.57232
86 2.907 4.55777 6.52633
87 2.941 4.25798 7.43854
88 2.975 3.87379 8.28775
89 3.009 3.37579 9.04479
90 3.043 2.84378 9.69702
91 3.077 2.32982 10.2434
92 3.111 1.85621 10.6883
93 3.145 1.40876 11.0334
94 3.179 1.07678 11.303
95 3.213 0.790465 11.5051
96 3.247 0.573433 11.6548
97 3.281 0.411902 11.7646
98 3.315 0.284493 11.8421
99 3.349 0.1955 11.8964
100 3.383 0.135264 11.9347
101 3.417 0.0914834 11.9612
102 3.451 0.0651597 11.9804
103 3.485 0.0508377 11.9957
104 3.519 0.045436 12.0096
105 3.553 0.0488802 12.0249
106 3.587 0.0584355 12.0435
107 3.621 0.0783615 12.069
108 3.655 0.104533 12.1036
109 3.689 0.143616 12.152
110 3.723 0.194306 12.2187
111 3.757 0.252932 12.3071
112 3.791 0.327449 12.4237
113 3.825 0.410609 12.5725
114 3.859 0.497948 12.7561
115 3.893 0.59325 12.9788
116 3.927 0.687655 13.2415
117 3.961 0.783168 13.5458
118 3.995 0.858104 13.8851
119 4.029 0.916827 14.2537
120 4.063 0.947741 14.6412
121 4.097 0.956848 15.039
122 4.131 0.945214 15.4385
123 4.165 0.888921 15.8205
124 4.199 0.827421 16.1818
125 4.233 0.739497 16.51
126 4.267 0.646565 16.8016
127 4.301 0.557467 17.057
128 4.335 0.466689 17.2742
129 4.369 0.386521 17.457
130 4.403 0.315192 17.6083
131 4.437 0.268877 17.7394
132 4.471 0.23054 17.8536
133 4.505 0.215315 17.9618
134 4.539 0.231652 18.08
135 4.573 0.273583 18.2217
136 4.607 0.349624 18.4055
137 4.641 0.460215 18.651
138 4.675 0.61603 18.9845
139 4.709 0.816426 19.4329
140 4.743 1.04853 20.0172
141 4.777 1.30799 20.7565
142 4.811 1.58584 21.6656
143 4.845 1.85879 22.7464
144 4.879 2.1254 23.9996
145 4.913 2.3315 25.3935
146 4.947 2.49821 26.9078
147 4.981 2.6007 28.506
148 5.015 2.62851 30.1434
149 5.049 2.57629 31.7701
150 5.083 2.44254 33.3332
151 5.117 2.26557 34.8025
152 5.151 2.05243 36.1513
153 5.185 1.79573 37.347
154 5.219 1.52985 38.3791
155 5.253 1.27771 39.2523
156 5.287 1.04534 39.976
157 5.321 0.844742 40.5684
158 5.355 0.686645 41.056
159 5.389 0.575677 41.4701
160 5.423 0.499054 41.8336
161 5.457 0.472283 42.182
162 5.491 0.477942 42.5389
163 5.525 0.512311 42.9262
164 5.559 0.579404 43.3697
165 5.593 0.657097 43.8788
166 5.627 0.740704 44.4597
167 5.661 0.818732 45.1096
168 5.695 0.889243 45.824
169 5.729 0.947437 46.5942
170 5.763 0.981974 47.402
171 5.797 0.99166 48.2274
172 5.831 0.972578 49.0465
173 5.865 0.926666 49.836
174 5.899 0.8717 50.5873
175 5.933 0.799873 51.2846
176 5.967 0.737562 51.9351
177 6.001 0.667637 52.5306
178 6.035 0.621374 53.0911
179 6.069 0.596912 53.6357
180 6.103 0.591789 54.1816
181 6.137 0.619713 54.7597
182 6.171 0.677967 55.3992
183 6.205 0.764921 56.1287
184 6.239 0.870107 56.9675
185 6.273 0.990052 57.9325
186 6.307 1.1246 59.0405
187 6.341 1.24361 60.2791
188 6.375 1.35356 61.6416
189 6.409 1.4313 63.0978
190 6.443 1.47865 64.6182
191 6.477 1.50451 66.1815
192 6.511 1.47822 67.7336
193 6.545 1.42438 69.2449
194 6.579 1.33986 70.6813
195 6.613 1.22687 72.0102
196 6.647 1.10036 73.2143
197 6.681 0.974572 74.2917
198 6.715 0.854541 75.2461
199 6.749 0.735272 76.0756
200 6.783 0.646329 76.8121
201 6.817 0.568371 77.4663
202 6.851 0.513293 78.063
203 6.885 0.477258 78.6233
204 6.919 0.458814 79.1674
205 6.953 0.457825 79.7156
206 6.987 0.462003 80.2742
207 7.021 0.471992 80.8505
208 7.055 0.481576 81.4442
209 7.089 0.488476 82.0522
210 7.123 0.503042 82.6844
211 7.157 0.52067 83.3449
212 7.191 0.536324 84.0319
213 7.225 0.569392 84.768
214 7.259 0.618865 85.5758
215 7.293 0.691804 86.4871
216 7.327 0.790922 87.5388
217 7.361 0.915174 88.7671
218 7.395 1.05792 90.2001
219 7.429 1.24238 91.8984
220 7.463 1.42616 93.8659
221 7.497 1.6146 96.1136
222 7.531 1.80386 98.6477
223 7.565 1.95994 101.426
224 7.599 2.0755 104.394
225 7.633 2.15444 107.504
226 7.667 2.16429 110.655
227 7.701 2.14363 113.803
228 7.735 2.05228 116.845
229 7.769 1.92586 119.724
230 7.803 1.7636 122.383
231 7.837 1.57908 124.785
232 7.871 1.38655 126.913
233 7.905 1.19046 128.755
234 7.939 1.01643 130.342
235 7.973 0.854343 131.687
236 8.007 0.722658 132.835
237 8.041 0.610334 133.812
238 8.075 0.52625 134.662
239 8.109 0.465551 135.42
240 8.143 0.426938 136.121
241 8.177 0.401954 136.787
242 8.211 0.393689 137.445
243 8.245 0.401277 138.12
244 8.279 0.424399 138.841
245 8.313 0.45709 139.623
246 8.347 0.509753 140.503
247 8.381 0.579804 141.511
248 8.415 0.653437 142.658
249 8.449 0.745726 143.976
250 8.483 0.849249 145.49
