# Time-averaged data for fix rec
# TimeStep v_temp v_vat c_nfcc c_dravg c_drmax
11000 309.1 16.8814 1495.35 0.0713668 0.163278
12000 313.22 16.8895 1464.4 0.0713376 0.16851
13000 321.996 16.9024 1411.35 0.0722252 0.163697
14000 333.567 16.913 1370.5 0.0720042 0.16814
15000 341.694 16.9223 1338.25 0.0736277 0.166952
16000 356.86 16.9325 1328.5 0.0748781 0.172759
17000 361.02 16.9398 1285.85 0.0764388 0.180436
18000 373.744 16.9527 1251.95 0.0776541 0.172203
19000 382.443 16.9634 1202.8 0.0790886 0.184305
20000 394.886 16.9737 1192.1 0.0799293 0.180031
21000 402.919 16.9867 1121.05 0.0793155 0.189664
22000 414.635 16.9974 1128.55 0.0790616 0.184296
23000 427.382 17.009 1108.95 0.0798752 0.185339
24000 434.957 17.0223 1062.75 0.0802842 0.187366
25000 442.106 17.0259 1049.2 0.0792214 0.193767
26000 459.381 17.0447 1017.5 0.0812876 0.196988
27000 464.305 17.0514 966.5 0.081595 0.18502
28000 476.433 17.0632 950.2 0.0841142 0.193833
29000 484.444 17.0737 935.45 0.0860344 0.196531
30000 496.789 17.0863 897.5 0.086316 0.213037
31000 505.523 17.0963 862.6 0.0877896 0.203694
32000 513.284 17.107 833.55 0.0872395 0.210831
33000 522.632 17.116 837.2 0.0879546 0.20023
34000 532.84 17.1297 818.9 0.0868688 0.202562
35000 545.633 17.1432 768.3 0.0888398 0.217947
36000 552.238 17.1506 760.5 0.0893483 0.209437
37000 570.185 17.1681 738.3 0.0903294 0.213772
38000 570.607 17.1723 710.7 0.0899034 0.209868
39000 588.77 17.1866 710.05 0.0914208 0.213787
40000 587.196 17.1954 683.85 0.0910113 0.211807
41000 606.119 17.2139 666.55 0.0940974 0.221334
42000 611.276 17.2188 639.2 0.0956278 0.232464
43000 628.218 17.2346 634.9 0.0969603 0.215805
44000 637.549 17.2476 629.9 0.0958537 0.227144
45000 640.455 17.25 635.8 0.0966704 0.225506
46000 657.229 17.2668 612.15 0.099628 0.236246
47000 666.173 17.2775 583.15 0.098905 0.229905
48000 672.486 17.2875 573.2 0.0991807 0.235131
49000 682.224 17.3036 542.45 0.0973975 0.236486
50000 691.22 17.3102 550.5 0.0983352 0.226653
51000 704.497 17.3341 519.45 0.0992708 0.227744
52000 718.091 17.3413 512.1 0.10099 0.23371
53000 727.846 17.361 495.7 0.102436 0.23011
54000 735.959 17.3684 476.55 0.104357 0.246154
55000 740.923 17.3736 483.4 0.104606 0.244011
56000 752.963 17.3879 469.9 0.104351 0.237573
57000 760.662 17.3995 457.65 0.105512 0.238787
58000 777.172 17.4218 450.3 0.106951 0.247582
59000 781.24 17.4308 425.65 0.108847 0.253766
60000 789.308 17.436 415.45 0.10932 0.250177
61000 803.639 17.4574 414.6 0.108729 0.260591
62000 807.041 17.4575 400.7 0.109135 0.247412
63000 819.4 17.4757 395.35 0.113669 0.27649
64000 835.98 17.5033 382.4 0.112645 0.269421
65000 852.317 17.5218 364.25 0.11365 0.274245
66000 857.934 17.5239 369.05 0.113743 0.262703
67000 859.601 17.5389 355.9 0.112619 0.261173
68000 872.746 17.5514 353.05 0.110526 0.252772
69000 876.058 17.5629 339.25 0.111584 0.274727
70000 899.796 17.5946 322.8 0.113101 0.276082
71000 908.36 17.6063 319.3 0.114648 0.270534
72000 913.294 17.6095 326.25 0.11755 0.281884
73000 924.861 17.6226 321.05 0.120051 0.284777
74000 934.32 17.6303 307.05 0.122018 0.294236
75000 937.876 17.6483 299.85 0.123286 0.297953
76000 950.327 17.6644 288.5 0.123476 0.308402
77000 969.737 17.6919 278.8 0.123542 0.304939
78000 974.133 17.6988 274.4 0.12447 0.312157
79000 992.29 17.7252 264.7 0.123467 0.289267
80000 988.617 17.7322 261.65 0.124644 0.300198
81000 1008.53 17.7607 257.65 0.127295 0.300605
82000 1001.06 17.759 250.7 0.12471 0.275753
83000 1020.7 17.7991 237.4 0.125103 0.299062
84000 1032.88 17.8044 233.9 0.123846 0.314556
85000 1045.09 17.8287 225.95 0.12816 0.30713
86000 1047.8 17.8245 228.7 0.12994 0.299086
87000 1074.72 17.8842 212.3 0.132899 0.341567
88000 1069.08 17.8691 208.7 0.131016 0.319936
89000 1081.2 17.9093 203.45 0.129082 0.329614
90000 1093.83 17.9442 199.15 0.129438 0.32869
91000 1099.56 17.9713 183.95 0.128917 0.299
92000 1114.19 17.9882 182.75 0.130503 0.306837
93000 1122.84 17.9902 182.25 0.130939 0.296418
94000 1126.05 18.0119 167.85 0.129371 0.310031
95000 1136.83 18.0445 172.9 0.131692 0.308527
96000 1152.05 18.089 167.5 0.13373 0.307738
97000 1164.77 18.1155 151.4 0.1356 0.318653
98000 1173.87 18.151 150.65 0.138793 0.339722
99000 1186.03 18.1776 139.95 0.141119 0.364753
100000 1189.89 18.1728 149.7 0.138787 0.327779
101000 1203.96 18.2608 130.95 0.142747 0.340007
102000 1190.07 18.5704 104.35 0.151401 0.360538
103000 1234.34 18.9895 76.4 0.159003 0.384898
104000 1240.7 19.0466 68.8 0.157112 0.397869
105000 1252.17 19.0731 69.05 0.1515 0.35751
106000 1247.98 19.0808 70.05 0.150354 0.348194
107000 1256.07 19.0893 68.95 0.150525 0.356421
108000 1277.14 19.1138 68.85 0.153199 0.358376
109000 1273.54 19.1409 69.55 0.152249 0.37413
110000 1284.18 19.1646 70.3 0.14974 0.348261
111000 1299.27 19.2045 67.45 0.150733 0.35828
112000 1319.47 19.1989 70.85 0.149031 0.36979
113000 1323.18 19.2224 69.9 0.149677 0.337302
114000 1330.14 19.2534 66.95 0.153309 0.352478
115000 1343.02 19.2738 67.65 0.156196 0.363556
116000 1354.92 19.2845 67 0.15842 0.363751
117000 1356.26 19.2722 67.8 0.158263 0.40147
118000 1366.66 19.3302 67 0.159125 0.414382
119000 1374.04 19.351 67.1 0.156944 0.384203
120000 1396.11 19.3764 66.3 0.159044 0.372511
121000 1412.6 19.3923 67.7 0.157298 0.39243
122000 1415.52 19.4191 67.5 0.159284 0.382222
123000 1423.29 19.4315 67.9 0.156092 0.375525
124000 1430.14 19.4515 65.5 0.156786 0.378308
125000 1443.58 19.4845 67 0.155861 0.371674
126000 1461.06 19.528 64.3 0.163491 0.386274
127000 1454.91 19.4946 67.5 0.161474 0.389392
128000 1467.96 19.5132 66.25 0.163692 0.392103
129000 1485.84 19.5497 66.7 0.164043 0.384081
130000 1493.04 19.5296 63.65 0.170048 0.414443
