# Time-averaged data for fix outvacf
# TimeStep c_vacf[4]
0 108.524
2 107.385
4 104.435
6 99.7724
8 93.5676
10 86.0714
12 77.5861
14 68.3869
16 58.7303
18 48.8853
20 39.1129
22 29.6501
24 20.7371
26 12.5716
28 5.27955
30 -1.07526
32 -6.45184
34 -10.8369
36 -14.263
38 -16.7776
40 -18.4472
42 -19.3503
44 -19.5713
46 -19.2088
48 -18.3753
50 -17.1746
52 -15.6904
54 -14.0175
56 -12.2293
58 -10.3971
60 -8.61329
62 -6.96597
64 -5.48293
66 -4.15792
68 -2.99877
70 -2.01545
72 -1.21769
74 -0.592809
76 -0.112852
78 0.260869
80 0.563065
82 0.800366
84 0.999877
86 1.18434
88 1.36833
90 1.54873
92 1.70809
94 1.81864
96 1.85801
98 1.82934
100 1.75398
102 1.64514
104 1.50694
106 1.33339
108 1.1197
110 0.877818
112 0.638349
114 0.418469
116 0.225669
118 0.075005
120 -0.021548
122 -0.0640757
124 -0.0783686
126 -0.0839265
128 -0.0781688
130 -0.0643415
132 -0.0541987
134 -0.0435976
136 -0.0337041
138 -0.0350679
140 -0.0496562
142 -0.0646962
144 -0.0799984
146 -0.104526
148 -0.124243
150 -0.121757
152 -0.083568
154 0.00792749
156 0.169044
158 0.394998
160 0.652883
162 0.922787
164 1.18298
166 1.41836
168 1.63223
170 1.82043
172 1.98093
174 2.10286
176 2.1832
178 2.22864
180 2.24272
182 2.21045
184 2.10266
186 1.90245
188 1.60262
190 1.21856
192 0.789413
194 0.344792
196 -0.0946702
198 -0.506712
200 -0.888042
202 -1.2349
204 -1.53123
206 -1.75851
208 -1.90899
210 -1.99558
212 -2.0416
214 -2.06304
216 -2.0812
218 -2.11705
220 -2.18353
222 -2.26637
224 -2.34546
226 -2.38079
228 -2.34378
230 -2.21758
232 -2.00186
234 -1.70178
236 -1.32559
238 -0.914888
240 -0.500968
242 -0.106017
244 0.242725
246 0.517204
248 0.715066
250 0.828416
252 0.851388
254 0.769081
256 0.585796
258 0.333675
260 0.0562644
262 -0.218465
264 -0.467767
266 -0.678049
268 -0.8555
270 -1.00816
272 -1.13026
274 -1.20291
276 -1.20477
278 -1.13297
280 -1.0014
282 -0.82187
284 -0.59534
286 -0.322006
288 -0.0101092
290 0.339227
292 0.725109
294 1.12585
296 1.51
298 1.84909
300 2.12625
302 2.33879
304 2.49197
306 2.58354
308 2.59186
310 2.50886
312 2.34497
314 2.11734
316 1.83332
318 1.51086
320 1.18148
322 0.868492
324 0.585328
326 0.370973
328 0.253304
330 0.225695
332 0.264357
334 0.361121
336 0.510286
338 0.704721
340 0.915687
342 1.12491
344 1.29083
346 1.35674
348 1.29578
350 1.11229
352 0.844756
354 0.535532
356 0.229209
358 -0.0483544
360 -0.28186
362 -0.461351
364 -0.579172
366 -0.620867
368 -0.573395
370 -0.442178
372 -0.243138
374 0.00845952
376 0.299413
378 0.609952
380 0.925301
382 1.25426
384 1.60254
386 1.95711
388 2.31783
390 2.67632
392 3.00355
394 3.26466
396 3.43939
398 3.52528
400 3.51429
402 3.40382
404 3.19756
406 2.91812
408 2.58025
410 2.17901
412 1.7079
414 1.16032
416 0.540152
418 -0.127281
420 -0.803643
422 -1.45871
424 -2.05487
426 -2.55818
428 -2.9675
430 -3.3057
432 -3.58385
434 -3.78665
436 -3.90423
438 -3.91788
440 -3.82302
442 -3.63498
444 -3.36918
446 -3.05645
448 -2.72587
450 -2.39416
452 -2.06404
454 -1.72081
456 -1.36008
458 -0.985382
460 -0.59738
462 -0.197567
464 0.205443
466 0.598591
468 0.97118
470 1.31704
472 1.60842
474 1.84014
476 2.00123
478 2.06542
480 2.02331
482 1.88497
484 1.66568
486 1.39028
488 1.08606
490 0.785879
492 0.519815
494 0.28706
496 0.0724184
498 -0.140594
500 -0.358238
502 -0.570553
504 -0.767618
506 -0.941046
508 -1.09767
510 -1.25432
512 -1.42765
514 -1.61258
516 -1.81506
518 -2.04325
520 -2.26751
522 -2.45272
524 -2.57831
526 -2.63664
528 -2.6215
530 -2.54673
532 -2.4396
534 -2.29296
536 -2.10713
538 -1.88083
540 -1.62415
542 -1.3601
544 -1.10517
546 -0.865943
548 -0.654798
550 -0.493899
552 -0.392957
554 -0.349676
556 -0.347493
558 -0.371243
560 -0.414361
562 -0.488355
564 -0.589953
566 -0.705758
568 -0.824829
570 -0.939032
572 -1.03636
574 -1.11593
576 -1.18824
578 -1.24762
580 -1.29028
582 -1.32215
584 -1.34679
586 -1.36704
588 -1.36564
590 -1.33104
592 -1.25663
594 -1.1622
596 -1.06412
598 -0.972132
600 -0.892143
602 -0.823758
604 -0.743631
606 -0.640478
608 -0.518921
610 -0.393116
612 -0.285737
614 -0.20609
616 -0.150966
618 -0.0992998
620 -0.0362271
622 0.0400889
624 0.128503
626 0.223409
628 0.299179
630 0.325798
632 0.314954
634 0.286644
636 0.246136
638 0.189086
640 0.125174
642 0.0656111
644 -0.00293844
646 -0.0645127
648 -0.102611
650 -0.10188
652 -0.0295147
654 0.122288
656 0.34246
658 0.60576
660 0.893281
662 1.18762
664 1.47237
666 1.7333
668 1.95914
670 2.12848
672 2.19876
674 2.14312
676 1.97543
678 1.72479
680 1.43133
682 1.1248
684 0.802483
686 0.429947
688 -0.0102071
690 -0.484532
692 -0.949671
694 -1.37293
696 -1.73663
698 -2.05549
700 -2.33823
702 -2.58368
704 -2.7761
706 -2.89127
708 -2.91551
710 -2.84874
712 -2.71619
714 -2.53473
716 -2.31833
718 -2.05948
720 -1.7395
722 -1.35207
724 -0.895511
726 -0.371877
728 0.211531
730 0.834907
732 1.45892
734 2.04086
736 2.54803
738 2.98118
740 3.33814
742 3.62074
744 3.83883
746 4.00303
748 4.12689
750 4.20575
752 4.23354
754 4.21354
756 4.15317
758 4.06
760 3.94096
762 3.78699
764 3.57326
766 3.28166
768 2.91862
770 2.51255
772 2.09547
774 1.68743
776 1.29897
778 0.918058
780 0.541166
782 0.193839
784 -0.100521
786 -0.323634
788 -0.458045
790 -0.508402
792 -0.502031
794 -0.453058
796 -0.368799
798 -0.268998
800 -0.169253
802 -0.0752933
804 0.0224024
806 0.131228
808 0.253006
810 0.372461
812 0.452182
814 0.45307
816 0.361488
818 0.191019
820 -0.0272667
822 -0.270158
824 -0.538958
826 -0.845686
828 -1.18287
830 -1.52546
832 -1.84272
834 -2.10993
836 -2.30834
838 -2.42545
840 -2.47061
842 -2.45895
844 -2.40696
846 -2.32646
848 -2.21724
850 -2.06207
852 -1.84073
854 -1.55207
856 -1.21946
858 -0.868636
860 -0.52739
862 -0.215151
864 0.0724938
866 0.350483
868 0.618961
870 0.87285
872 1.11205
874 1.32628
876 1.50482
878 1.63882
880 1.72768
882 1.78368
884 1.81884
886 1.80982
888 1.73989
890 1.60615
892 1.42868
894 1.2398
896 1.0703
898 0.909872
900 0.73287
902 0.530344
904 0.302315
906 0.0496329
908 -0.207293
910 -0.439757
912 -0.635966
914 -0.789925
916 -0.88901
918 -0.929966
920 -0.917051
922 -0.841458
924 -0.701523
926 -0.505047
928 -0.272841
930 -0.0199784
932 0.22799
934 0.439645
936 0.60022
938 0.717735
940 0.825264
942 0.946568
944 1.06238
946 1.14277
948 1.17496
950 1.16251
952 1.12348
954 1.08289
956 1.0508
958 1.02017
960 0.975878
962 0.921985
964 0.87249
966 0.83015
968 0.801429
970 0.781125
972 0.740405
974 0.658858
976 0.528437
978 0.362655
980 0.180591
982 0.0039151
984 -0.141453
986 -0.229521
988 -0.252068
990 -0.2237
992 -0.158377
994 -0.0680056
996 0.0261632
998 0.117697
1000 0.216206
1002 0.320797
1004 0.434879
1006 0.561927
1008 0.696338
1010 0.821523
1012 0.917473
1014 0.978141
1016 1.02008
1018 1.06114
1020 1.09391
1022 1.08662
1024 1.01946
1026 0.897678
1028 0.740348
1030 0.575309
1032 0.424592
1034 0.295661
1036 0.179067
1038 0.0570627
1040 -0.074375
1042 -0.212675
1044 -0.357228
1046 -0.510118
1048 -0.672008
1050 -0.830072
1052 -0.985101
1054 -1.14394
1056 -1.30428
1058 -1.44706
1060 -1.55039
1062 -1.58562
1064 -1.54253
1066 -1.4312
1068 -1.27103
1070 -1.07744
1072 -0.86974
1074 -0.66513
1076 -0.467806
1078 -0.286928
1080 -0.126134
1082 0.0273048
1084 0.172171
1086 0.287997
1088 0.363224
1090 0.398889
1092 0.407736
1094 0.398948
1096 0.373699
1098 0.333139
1100 0.272469
1102 0.1755
1104 0.0279258
1106 -0.174702
1108 -0.432296
1110 -0.719739
1112 -1.00145
1114 -1.25259
1116 -1.459
1118 -1.60711
1120 -1.68008
1122 -1.66914
1124 -1.58238
1126 -1.43951
1128 -1.25637
1130 -1.06534
1132 -0.884638
1134 -0.707578
1136 -0.53662
1138 -0.370074
1140 -0.210904
1142 -0.0861974
1144 -0.0221074
1146 -0.0242891
1148 -0.0738952
1150 -0.126671
1152 -0.138597
1154 -0.0952208
1156 -0.0200883
1158 0.0537696
1160 0.114021
1162 0.168623
1164 0.21129
1166 0.233835
1168 0.229936
1170 0.191761
1172 0.124319
1174 0.0502381
1176 -0.016557
1178 -0.0595861
1180 -0.0768048
1182 -0.0790446
1184 -0.0796263
1186 -0.0850222
1188 -0.103859
1190 -0.142891
1192 -0.191329
1194 -0.246661
1196 -0.312948
1198 -0.412895
1200 -0.558793
1202 -0.744351
1204 -0.941527
1206 -1.11581
1208 -1.24161
1210 -1.31109
1212 -1.34024
1214 -1.34078
1216 -1.31046
1218 -1.24854
1220 -1.15896
1222 -1.06032
1224 -0.963035
1226 -0.853954
1228 -0.72481
1230 -0.587274
1232 -0.453173
1234 -0.337777
1236 -0.250133
1238 -0.196391
1240 -0.179644
1242 -0.179305
1244 -0.18837
1246 -0.198065
1248 -0.200412
1250 -0.206061
1252 -0.214798
1254 -0.221584
1256 -0.223082
1258 -0.197804
1260 -0.128155
1262 -0.00471938
1264 0.181075
1266 0.412551
1268 0.657647
1270 0.898842
1272 1.11634
1274 1.27582
1276 1.35557
1278 1.33425
1280 1.20711
1282 0.977195
1284 0.66315
1286 0.273957
1288 -0.180623
1290 -0.667131
1292 -1.14492
1294 -1.5831
1296 -1.96654
1298 -2.28212
1300 -2.53091
1302 -2.72651
1304 -2.86713
1306 -2.94278
1308 -2.93835
1310 -2.83817
1312 -2.6364
1314 -2.34669
1316 -2.00725
1318 -1.63415
1320 -1.22401
1322 -0.767092
1324 -0.273098
1326 0.255701
1328 0.79935
1330 1.33437
1332 1.82897
1334 2.25115
1336 2.57071
1338 2.75936
1340 2.81573
1342 2.7502
1344 2.58241
1346 2.33383
1348 2.02415
1350 1.66375
1352 1.26309
1354 0.840801
1356 0.429784
1358 0.0480073
1360 -0.306068
1362 -0.64636
1364 -0.964866
1366 -1.24223
1368 -1.45202
1370 -1.56364
1372 -1.56281
1374 -1.46943
1376 -1.32095
1378 -1.14744
1380 -0.969092
1382 -0.784028
1384 -0.58215
1386 -0.364113
1388 -0.130661
1390 0.114321
1392 0.360335
1394 0.578235
1396 0.741887
1398 0.843041
1400 0.875879
1402 0.837334
1404 0.736747
1406 0.594537
1408 0.426892
1410 0.241155
1412 0.0479093
1414 -0.13969
1416 -0.308588
1418 -0.439104
1420 -0.507741
1422 -0.517088
1424 -0.503464
1426 -0.50247
1428 -0.536259
1430 -0.608731
1432 -0.712393
1434 -0.831624
1436 -0.970015
1438 -1.13444
1440 -1.33248
1442 -1.56127
1444 -1.81586
1446 -2.07144
1448 -2.29983
1450 -2.4767
1452 -2.57995
1454 -2.62108
1456 -2.62026
1458 -2.59061
1460 -2.54344
1462 -2.47888
1464 -2.40484
1466 -2.32172
1468 -2.22664
1470 -2.1137
1472 -1.96573
1474 -1.77139
1476 -1.51908
1478 -1.21724
1480 -0.897692
1482 -0.603325
1484 -0.364592
1486 -0.17554
1488 -0.0157522
1490 0.122314
1492 0.229846
1494 0.300289
1496 0.326428
1498 0.333831
1500 0.333578
1502 0.313352
1504 0.248686
1506 0.110744
1508 -0.109081
1510 -0.393419
1512 -0.707648
1514 -1.02638
1516 -1.32936
1518 -1.60779
1520 -1.86938
1522 -2.11607
1524 -2.33118
1526 -2.50223
1528 -2.62369
1530 -2.69345
1532 -2.71463
1534 -2.70558
1536 -2.68142
1538 -2.64139
1540 -2.57172
1542 -2.45573
1544 -2.28619
1546 -2.05715
1548 -1.78229
1550 -1.48773
1552 -1.18953
1554 -0.883627
1556 -0.559834
1558 -0.219441
1560 0.125789
1562 0.460181
1564 0.772311
1566 1.07194
1568 1.36444
1570 1.63885
1572 1.88883
1574 2.09827
1576 2.2537
1578 2.37278
1580 2.47682
1582 2.56133
1584 2.60887
1586 2.61165
1588 2.57475
1590 2.51166
1592 2.44594
1594 2.38456
1596 2.3204
1598 2.25662
1600 2.18443
1602 2.07211
1604 1.91931
1606 1.73581
1608 1.53004
1610 1.31225
1612 1.08803
1614 0.84157
1616 0.565122
1618 0.276088
1620 -0.0160682
1622 -0.313176
1624 -0.62337
1626 -0.933323
1628 -1.22726
1630 -1.4829
1632 -1.6711
1634 -1.78461
1636 -1.84292
1638 -1.87023
1640 -1.87783
1642 -1.8732
1644 -1.87187
1646 -1.87239
1648 -1.86881
1650 -1.86852
1652 -1.87519
1654 -1.88286
1656 -1.88014
1658 -1.86089
1660 -1.82037
1662 -1.75941
1664 -1.68839
1666 -1.6208
1668 -1.5761
1670 -1.54447
1672 -1.49632
1674 -1.4111
1676 -1.29498
1678 -1.15672
1680 -1.007
1682 -0.860888
1684 -0.73183
1686 -0.625114
1688 -0.546761
1690 -0.500687
1692 -0.472133
1694 -0.445036
1696 -0.422946
1698 -0.413692
1700 -0.409726
1702 -0.419282
1704 -0.458912
1706 -0.520744
1708 -0.59012
1710 -0.671609
1712 -0.757412
1714 -0.822183
1716 -0.865782
1718 -0.878715
1720 -0.851697
1722 -0.795625
1724 -0.727706
1726 -0.664835
1728 -0.602275
1730 -0.524677
1732 -0.444367
1734 -0.382561
1736 -0.355748
1738 -0.371051
1740 -0.407925
1742 -0.442446
1744 -0.458653
1746 -0.447757
1748 -0.42522
1750 -0.407312
1752 -0.388313
1754 -0.373656
1756 -0.36334
1758 -0.359297
1760 -0.36581
1762 -0.397177
1764 -0.453369
1766 -0.526328
1768 -0.617342
1770 -0.725216
1772 -0.844763
1774 -0.970197
1776 -1.10057
1778 -1.22832
1780 -1.34088
1782 -1.42936
1784 -1.49471
1786 -1.55021
1788 -1.59343
1790 -1.60381
1792 -1.56092
1794 -1.45084
1796 -1.28248
1798 -1.06117
1800 -0.815237
1802 -0.562979
1804 -0.313195
1806 -0.071306
1808 0.143127
1810 0.305048
1812 0.409931
1814 0.454907
1816 0.453441
1818 0.428978
1820 0.394358
1822 0.348591
1824 0.285134
1826 0.204207
1828 0.10973
1830 0.00379066
1832 -0.116945
1834 -0.241628
1836 -0.357085
1838 -0.459492
1840 -0.548452
1842 -0.62418
1844 -0.685636
1846 -0.72612
1848 -0.731528
1850 -0.688021
1852 -0.593832
1854 -0.459341
1856 -0.302008
1858 -0.140622
1860 0.00923016
1862 0.13644
1864 0.247651
1866 0.361934
1868 0.475799
1870 0.598638
1872 0.747726
1874 0.93164
1876 1.13215
1878 1.31294
1880 1.45322
1882 1.54311
1884 1.57699
1886 1.56919
1888 1.5352
1890 1.48737
1892 1.43543
1894 1.3924
1896 1.34378
1898 1.2568
1900 1.11481
1902 0.918023
1904 0.680168
1906 0.431564
1908 0.184156
1910 -0.0439277
1912 -0.248969
1914 -0.435791
1916 -0.588678
1918 -0.692057
1920 -0.73442
1922 -0.714669
1924 -0.657982
1926 -0.60848
1928 -0.586586
1930 -0.582681
1932 -0.593283
1934 -0.645034
1936 -0.749853
1938 -0.891959
1940 -1.03903
1942 -1.16973
1944 -1.29261
1946 -1.42007
1948 -1.54974
1950 -1.6684
1952 -1.75289
1954 -1.77298
1956 -1.70116
1958 -1.5371
1960 -1.29644
1962 -1.00194
1964 -0.682627
1966 -0.368296
1968 -0.0861011
1970 0.152818
1972 0.352858
1974 0.505149
1976 0.604812
1978 0.643126
1980 0.619015
1982 0.542927
1984 0.428527
1986 0.283698
1988 0.131592
1990 -0.020673
1992 -0.174483
1994 -0.332772
1996 -0.506657
1998 -0.710961
2000 -0.944688
2002 -1.17664
2004 -1.36105
2006 -1.46104
2008 -1.47032
2010 -1.41197
2012 -1.30604
2014 -1.1453
2016 -0.909475
2018 -0.6127
2020 -0.280678
2022 0.071904
2024 0.444689
2026 0.843111
2028 1.27639
2030 1.7341
2032 2.17478
2034 2.55871
2036 2.85938
2038 3.04422
2040 3.10945
2042 3.05926
2044 2.91392
2046 2.69541
2048 2.42389
2050 2.13022
2052 1.84299
2054 1.58771
2056 1.36676
2058 1.15523
2060 0.922054
2062 0.666056
2064 0.406381
2066 0.16027
2068 -0.0646845
2070 -0.253485
2072 -0.399977
2074 -0.525118
2076 -0.642449
2078 -0.749284
2080 -0.83994
2082 -0.918463
2084 -0.980962
2086 -1.02511
2088 -1.07054
2090 -1.12156
2092 -1.15213
2094 -1.11957
2096 -1.00267
2098 -0.798292
2100 -0.540544
2102 -0.281735
2104 -0.0505448
2106 0.142885
2108 0.276193
2110 0.335919
2112 0.333651
2114 0.288371
2116 0.211672
2118 0.0975005
2120 -0.0596086
2122 -0.251901
2124 -0.459628
2126 -0.669724
2128 -0.856715
2130 -1.00816
2132 -1.14545
2134 -1.28306
2136 -1.41197
2138 -1.50254
2140 -1.53658
2142 -1.50015
2144 -1.37725
2146 -1.17747
2148 -0.927863
2150 -0.655432
2152 -0.374084
2154 -0.0915656
2156 0.172463
2158 0.409746
2160 0.618165
2162 0.798371
2164 0.931686
2166 1.01375
2168 1.0498
2170 1.05434
2172 1.04591
2174 1.02437
2176 0.968125
2178 0.874371
2180 0.753984
2182 0.610641
2184 0.450631
2186 0.285315
2188 0.117612
2190 -0.0618177
2192 -0.258296
2194 -0.462367
2196 -0.659333
2198 -0.829062
2200 -0.955001
2202 -1.03209
2204 -1.06786
2206 -1.08488
2208 -1.09745
2210 -1.12668
2212 -1.19718
2214 -1.30375
2216 -1.43183
2218 -1.55863
2220 -1.66593
2222 -1.73794
2224 -1.76235
2226 -1.73645
2228 -1.65763
2230 -1.53102
2232 -1.371
2234 -1.19655
2236 -1.023
2238 -0.848902
2240 -0.684668
2242 -0.528478
2244 -0.371654
2246 -0.208962
2248 -0.0359924
2250 0.140221
2252 0.295472
2254 0.398492
2256 0.430271
2258 0.378798
2260 0.246208
2262 0.0476633
2264 -0.204578
2266 -0.493386
2268 -0.793138
2270 -1.08676
2272 -1.36895
2274 -1.63222
2276 -1.84816
2278 -1.98778
2280 -2.04549
2282 -2.03148
2284 -1.95655
2286 -1.86116
2288 -1.79071
2290 -1.75641
2292 -1.74262
2294 -1.73703
2296 -1.74418
2298 -1.76246
2300 -1.79891
2302 -1.84855
2304 -1.90074
2306 -1.96393
2308 -2.04428
2310 -2.13646
2312 -2.24062
2314 -2.34838
2316 -2.44781
2318 -2.53661
2320 -2.60034
2322 -2.622
2324 -2.5903
2326 -2.51561
2328 -2.4045
2330 -2.26555
2332 -2.11766
2334 -1.97954
2336 -1.86508
2338 -1.77392
2340 -1.71927
2342 -1.70696
2344 -1.7223
2346 -1.74106
2348 -1.75196
2350 -1.7594
2352 -1.76479
2354 -1.76823
2356 -1.76716
2358 -1.7502
2360 -1.7314
2362 -1.75132
2364 -1.83354
2366 -1.97449
2368 -2.15392
2370 -2.34137
2372 -2.49716
2374 -2.58455
2376 -2.5955
2378 -2.53552
2380 -2.43064
2382 -2.28735
2384 -2.11571
2386 -1.93949
2388 -1.753
2390 -1.56966
2392 -1.39735
2394 -1.24428
2396 -1.12062
2398 -1.01893
2400 -0.938066
2402 -0.865017
2404 -0.778366
2406 -0.675379
2408 -0.57863
2410 -0.509024
2412 -0.482287
2414 -0.494659
2416 -0.530335
2418 -0.558923
2420 -0.571556
2422 -0.571071
2424 -0.578534
2426 -0.613117
2428 -0.691213
2430 -0.816959
2432 -0.973668
2434 -1.14328
2436 -1.29259
2438 -1.39916
2440 -1.45705
2442 -1.47746
2444 -1.4818
2446 -1.48833
2448 -1.49008
2450 -1.46371
2452 -1.40221
2454 -1.30652
2456 -1.18126
2458 -1.0366
2460 -0.885505
2462 -0.735578
2464 -0.577285
2466 -0.402204
2468 -0.21563
2470 -0.0217478
2472 0.173381
2474 0.364778
2476 0.534667
2478 0.66439
2480 0.75496
2482 0.80531
2484 0.825355
2486 0.824925
2488 0.80628
2490 0.766147
2492 0.699895
2494 0.602899
2496 0.481507
2498 0.346546
2500 0.20459
2502 0.0446028
2504 -0.120843
2506 -0.262061
2508 -0.370794
2510 -0.448834
2512 -0.494855
2514 -0.497413
2516 -0.441265
2518 -0.321509
2520 -0.153678
2522 0.0167428
2524 0.151931
2526 0.244353
2528 0.320649
2530 0.398651
2532 0.472074
2534 0.51999
2536 0.539995
2538 0.546748
2540 0.565657
2542 0.616933
2544 0.69519
2546 0.762956
2548 0.781155
2550 0.747361
2552 0.667809
2554 0.544196
2556 0.38242
2558 0.190715
2560 -0.0229403
2562 -0.239758
2564 -0.427742
2566 -0.564813
2568 -0.627675
2570 -0.618672
2572 -0.557435
2574 -0.470108
2576 -0.388155
2578 -0.327337
2580 -0.287187
2582 -0.276779
2584 -0.308047
2586 -0.357851
2588 -0.382257
2590 -0.361988
2592 -0.286186
2594 -0.157431
2596 0.00831411
2598 0.202912
2600 0.439927
2602 0.737713
2604 1.10098
2606 1.50424
2608 1.90482
2610 2.26075
2612 2.5427
2614 2.73714
2616 2.83622
2618 2.84091
2620 2.75862
2622 2.59212
2624 2.37746
2626 2.15966
2628 1.96489
2630 1.8131
2632 1.70206
2634 1.61493
2636 1.54173
2638 1.49099
2640 1.45837
2642 1.43599
2644 1.40179
2646 1.32513
2648 1.19975
2650 1.05302
2652 0.905124
2654 0.769886
2656 0.660115
2658 0.569367
2660 0.494816
2662 0.420597
2664 0.33548
2666 0.227135
2668 0.0959636
2670 -0.0480764
2672 -0.185925
2674 -0.307412
2676 -0.403641
2678 -0.481224
2680 -0.560191
2682 -0.644511
2684 -0.73453
2686 -0.804464
2688 -0.829144
2690 -0.801818
2692 -0.727913
2694 -0.633094
2696 -0.542068
2698 -0.462848
2700 -0.391804
2702 -0.319289
2704 -0.263382
2706 -0.237404
2708 -0.270747
2710 -0.363587
2712 -0.483217
2714 -0.599413
2716 -0.68635
2718 -0.727035
2720 -0.733255
2722 -0.723016
2724 -0.697162
2726 -0.636147
2728 -0.518921
2730 -0.343782
2732 -0.138398
2734 0.0597618
2736 0.220536
2738 0.327089
2740 0.379104
2742 0.398318
2744 0.404205
2746 0.382542
2748 0.315995
2750 0.193336
2752 0.0183983
2754 -0.192069
2756 -0.420992
2758 -0.64768
2760 -0.841802
2762 -0.979606
2764 -1.05799
2766 -1.08326
2768 -1.06906
2770 -1.03333
2772 -0.999075
2774 -0.967783
2776 -0.932165
2778 -0.903824
2780 -0.893411
2782 -0.892973
2784 -0.893142
2786 -0.897477
2788 -0.901198
2790 -0.890125
2792 -0.859608
2794 -0.809491
2796 -0.72728
2798 -0.596969
2800 -0.419068
2802 -0.218045
2804 -0.00201351
2806 0.231736
2808 0.473674
2810 0.699567
2812 0.89508
2814 1.05374
2816 1.16065
2818 1.19856
2820 1.19737
2822 1.19459
2824 1.20065
2826 1.22301
2828 1.2718
2830 1.3484
2832 1.43613
2834 1.51703
2836 1.58534
2838 1.63528
2840 1.65368
2842 1.65714
2844 1.67327
2846 1.69264
2848 1.69032
2850 1.63543
2852 1.50687
2854 1.32285
2856 1.11284
2858 0.898261
2860 0.685936
2862 0.481815
2864 0.29645
2866 0.132248
2868 0.00643125
2870 -0.0695806
2872 -0.103823
2874 -0.111102
2876 -0.103148
2878 -0.0796814
2880 -0.0281558
2882 0.0575301
2884 0.183272
2886 0.333117
2888 0.479894
2890 0.612463
2892 0.718739
2894 0.77215
2896 0.739469
2898 0.604349
2900 0.372712
2902 0.0738557
2904 -0.264951
2906 -0.601846
2908 -0.910079
2910 -1.15657
2912 -1.30712
2914 -1.37736
2916 -1.38915
2918 -1.36508
2920 -1.32828
2922 -1.28469
2924 -1.22812
2926 -1.15627
2928 -1.06824
2930 -0.972409
2932 -0.881602
2934 -0.805864
2936 -0.751487
2938 -0.716504
2940 -0.703682
2942 -0.709721
2944 -0.730369
2946 -0.764198
2948 -0.799592
2950 -0.821357
2952 -0.809033
2954 -0.759899
2956 -0.680212
2958 -0.591556
2960 -0.51328
2962 -0.462131
2964 -0.449967
2966 -0.479413
2968 -0.546597
2970 -0.637111
2972 -0.749689
2974 -0.87846
2976 -1.00058
2978 -1.09933
2980 -1.16601
2982 -1.18725
2984 -1.15705
2986 -1.07504
2988 -0.936338
2990 -0.743483
2992 -0.501158
2994 -0.205235
2996 0.130806
2998 0.482502
3000 0.821515
